2 392712621
5 712676212
9 565866886
8 865826206
6 716118757
5 231215421
3 583643771
1 762256824
2 631431046
3 631283182
1 824238334
4 267505842
5 212763810
5 392746060
6 392746060
4 796823702
2 361206275
2 431546527
2 138100078
6 565866886
3 281685640
3 565758448
3 716573357
2 881157107
1 714346720
5 478630720
1 767445223
4 477337448
4 221623208
2 614761384
2 646830328
3 874533786
2 173583677
5 391505271
4 783426333
5 472184487
6 134771866
3 284424535
7 565866886
5 268587300
2 263134032
10 713563064
2 484566325
